-25.521691 -25.248533 -97.377154
-25.622454 -25.467226 -107.14758
-26.286848 -25.48613 -106.957546
-25.663424 -25.498105 -23.451892
-23.411399 -23.279583 -21.636754
-34.628893 -23.252369 -24.554836
-23.594183 -23.601374 -100.285611
-23.00458 -23.58844 -33.31394
-21.75289 -21.062097 -52.033142
-21.661678 -21.815716 -33.719776
-21.663524 -23.382756 -66.171842
-21.237937 -43.485559 -19.616926
-19.905165 -19.315925 -40.72595
-23.089342 -19.670971 -21.700704
-19.478109 -19.906063 -50.093285
-19.471631 -19.82338 -18.206504
-18.353453 -18.208531 -16.861723
-19.543491 -61.56755 -19.432225
-18.433087 -61.468035 -105.187531
-18.104081 -24.549854 -100.334734
-16.428296 -15.129532 -16.127587
-16.214364 -16.358741 -18.64438
-16.318726 -16.64677 -19.64106
-16.049334 -15.890596 -14.92617
-14.519254 -14.528384 -27.469021
-14.527781 -15.404198 -15.472255
-14.535651 -14.665029 -64.907125
-14.532275 -38.16024 -52.593948
-12.178152 -12.297051 -11.358433
-12.56241 -12.853247 -13.626705
-13.281153 -12.767553 -14.317064
-12.581122 -12.674598 -12.974494
-10.892711 -11.082431 -29.447252
-10.827816 -10.844483 -20.18071
-57.827101 -11.531535 -108.403203
-10.864334 -10.87212 -104.773671
-9.053407 -9.046519 -40.073238
-9.030428 -9.01076 -9.60245
-9.045776 -9.042711 -19.723214
-9.053941 -9.048979 -60.261635
-7.27027 -7.270228 -28.523841
-7.268027 -7.268978 -45.976843
-7.263537 -7.262582 -26.714994
-7.266837 -7.269013 -107.435283
-0.269842 0.200743 -81.742543
0.494 -2.051154 -2.021372
-2.913963 -3.230079 -7.257905
-3.796363 -2.99501 -107.997418
6.149239 -2.096902 -106.516574
-0.693105 7.448956 47.466768
-1.438068 11.767109 -100.959175
0.193868 0.843766 -13.330442
42.59269 112.878105 290.645332
19.023422 121.585888 35.634738
26.806605 47.308973 -100.449323
43.214644 17.461131 36.831609
-25.042048 -18.173662 -72.757606
-18.69245 -21.426769 -39.469643
-18.382519 -18.209895 -41.106417
-18.205748 -18.179307 -29.039957
-14.675155 -38.852082 -54.223109
-15.568267 -14.669621 -65.838522
-14.691855 -15.043891 -59.585147
-15.074297 -14.47404 -13.035394
-10.88092 -23.525192 -43.28502
-10.700146 -11.386604 -91.512663
-9.999412 -10.71582 -58.29615
-10.883274 -10.877391 -14.485156
-21.320451 -27.58664 -25.688908
-21.603593 -27.155747 -81.619286
-21.865745 -24.520711 -28.818649
-22.03392 -43.360869 -49.486055
-12.725822 -12.579504 -9.317445
-12.724706 -12.725444 -59.563234
-12.724684 -13.353289 -45.901414
-11.862485 -12.794779 -83.802427
-9.059661 -9.053207 -45.491759
-9.090364 -9.062143 -108.912767
-9.066922 -9.021078 -12.721635
-9.050334 -9.067022 -109.45912
-7.254797 -7.226027 -55.06117
-7.19046 -7.262182 -106.550914
-7.26353 -7.26524 -35.744644
-55.885843 -7.263971 -109.357203
-5.454539 -2.419113 -106.51533
-5.048307 -5.187281 -100.42545
-3.297574 -6.446853 -7.239445
-5.454537 -5.454539 -0.46514
-3.363393 -4.310295 -104.123712
-3.150804 -3.502102 -11.882484
-3.289101 -3.176774 -105.54028
-3.398884 -2.97304 4.315987
49.443051 51.057485 250.580482
26.611989 98.515967 -61.149398
33.339344 48.472387 -102.317676
118.094209 34.913326 65.578693
